Time	Current
5.08E-03	1.6857
5.78E-03	1.3757
6.78E-03	1.0225
7.78E-03	0.824688
8.78E-03	0.738359
9.78E-03	0.710469
1.08E-02	0.709844
1.18E-02	0.716641
1.28E-02	0.716563
1.38E-02	0.697891
1.48E-02	0.649609
1.58E-02	0.578047
1.68E-02	0.509453
1.78E-02	0.478516
1.88E-02	0.469844
1.98E-02	0.487266
2.08E-02	0.522266
2.18E-02	0.5575
2.28E-02	0.587656
2.38E-02	0.598203
2.48E-02	0.576641
2.58E-02	0.523594
2.68E-02	0.467734
2.78E-02	0.448125
2.88E-02	0.453984
2.99E-02	0.487734
3.09E-02	0.539297
3.19E-02	0.593125
3.29E-02	0.644688
3.39E-02	0.667813
3.49E-02	0.645078
3.59E-02	0.576094
3.69E-02	0.510078
3.79E-02	0.48625
3.89E-02	0.504922
3.99E-02	0.554063
4.09E-02	0.627656
4.19E-02	0.707891
4.29E-02	0.766016
4.39E-02	0.784688
4.49E-02	0.74625
4.59E-02	0.657109
4.69E-02	0.568359
4.80E-02	0.542578
4.90E-02	0.568125
5.00E-02	0.639453
5.10E-02	0.736328
5.20E-02	0.837266
5.30E-02	0.907344
5.40E-02	0.911953
5.50E-02	0.848594
5.60E-02	0.730234
5.70E-02	0.626875
5.80E-02	0.598438
5.90E-02	0.637813
6.00E-02	0.731406
6.10E-02	0.855547
6.20E-02	0.985078
6.30E-02	1.05156
6.40E-02	1.04039
6.50E-02	0.949141
6.61E-02	0.788047
6.71E-02	0.678594
6.81E-02	0.653672
6.91E-02	0.70625
7.01E-02	0.823047
7.11E-02	0.988594
7.21E-02	1.13773
7.31E-02	1.20375
7.41E-02	1.17016
7.51E-02	1.04258
7.61E-02	0.849688
7.71E-02	0.726563
7.81E-02	0.704063
7.91E-02	0.774063
8.01E-02	0.931953
8.11E-02	1.12484
8.21E-02	1.29227
8.31E-02	1.35172
8.42E-02	1.2943
8.52E-02	1.12773
8.62E-02	0.901484
8.72E-02	0.764766
8.82E-02	0.752578
8.92E-02	0.848594
9.02E-02	1.04203
9.12E-02	1.2725
9.22E-02	1.44313
9.32E-02	1.50047
9.42E-02	1.40859
9.52E-02	1.20758
9.62E-02	0.950859
9.72E-02	0.8025
9.82E-02	0.802891
9.92E-02	0.93125
1.00E-01	1.16266
1.01E-01	1.42008
1.02E-01	1.60609
1.03E-01	1.6425
1.04E-01	1.52156
1.05E-01	1.28469
1.06E-01	0.999141
1.07E-01	0.844922
1.08E-01	0.854922
1.09E-01	1.01461
1.10E-01	1.2882
1.11E-01	1.57664
1.12E-01	1.76758
1.13E-01	1.78484
1.14E-01	1.63859
1.15E-01	1.3593
1.16E-01	1.03797
1.17E-01	0.881484
1.18E-01	0.909766
1.19E-01	1.10492
1.20E-01	1.41898
1.21E-01	1.73898
1.22E-01	1.92742
1.23E-01	1.92922
1.24E-01	1.73813
1.25E-01	1.41805
1.26E-01	1.07609
1.27E-01	0.919141
1.28E-01	0.971875
1.29E-01	1.20758
1.30E-01	1.56344
1.31E-01	1.90203
1.32E-01	2.06945
1.33E-01	2.03867
1.34E-01	1.81875
1.35E-01	1.46547
1.36E-01	1.1025
1.37E-01	0.950234
1.38E-01	1.03008
1.39E-01	1.30906
1.40E-01	1.70156
1.41E-01	2.04406
1.42E-01	2.22195
1.43E-01	2.16992
1.44E-01	1.91906
1.45E-01	1.52602
1.47E-01	1.13406
1.48E-01	0.991797
1.49E-01	1.09586
1.50E-01	1.41125
1.51E-01	1.84492
1.52E-01	2.20836
1.53E-01	2.37961
1.54E-01	2.29813
1.55E-01	1.99594
1.56E-01	1.56852
1.57E-01	1.16
1.58E-01	1.02742
1.59E-01	1.16367
1.60E-01	1.51406
1.61E-01	1.98875
1.62E-01	2.37203
1.63E-01	2.53836
1.64E-01	2.40758
1.65E-01	2.05172
1.66E-01	1.61016
1.67E-01	1.18055
1.68E-01	1.06109
1.69E-01	1.23234
1.70E-01	1.63266
1.71E-01	2.12406
1.72E-01	2.54109
1.73E-01	2.67414
1.74E-01	2.52969
1.75E-01	2.12992
1.76E-01	1.64992
1.77E-01	1.20516
1.78E-01	1.09781
1.79E-01	1.29938
1.80E-01	1.74344
1.81E-01	2.27133
1.82E-01	2.68734
1.83E-01	2.83297
1.84E-01	2.63836
1.85E-01	2.18156
1.86E-01	1.67047
1.87E-01	1.22398
1.88E-01	1.13133
1.89E-01	1.37172
1.90E-01	1.85781
1.91E-01	2.41477
1.92E-01	2.8393
1.93E-01	2.93289
1.94E-01	2.70461
1.95E-01	2.23094
1.96E-01	1.69359
1.97E-01	1.24203
1.98E-01	1.17156
1.99E-01	1.44281
2.00E-01	1.97805
2.01E-01	2.5725
2.02E-01	2.99055
2.03E-01	3.08828
2.04E-01	2.78141
2.05E-01	2.2707
2.06E-01	1.70375
2.07E-01	1.25328
2.08E-01	1.20883
2.09E-01	1.52336
2.10E-01	2.08602
2.11E-01	2.71797
2.12E-01	3.13586
2.13E-01	3.1582
2.14E-01	2.83492
2.15E-01	2.29117
2.16E-01	1.70883
2.17E-01	1.26281
2.18E-01	1.24945
2.19E-01	1.60086
2.20E-01	2.20188
2.20E-01	2.31523
2.21E-01	1.74055
2.22E-01	1.39063
2.23E-01	1.16648
2.24E-01	0.995703
2.25E-01	0.848828
2.26E-01	0.709688
2.27E-01	0.604688
2.28E-01	0.596406
2.29E-01	0.670078
2.30E-01	0.794453
2.31E-01	0.954219
2.32E-01	1.08523
2.33E-01	1.1543
2.34E-01	1.11531
2.35E-01	0.981094
2.36E-01	0.800859
2.37E-01	0.706875
2.38E-01	0.710547
2.39E-01	0.782266
2.40E-01	0.922734
2.41E-01	1.08867
2.42E-01	1.22258
2.43E-01	1.26133
2.44E-01	1.17992
2.45E-01	1.01891
2.46E-01	0.821797
2.47E-01	0.720234
2.48E-01	0.740625
2.49E-01	0.872188
2.50E-01	1.09844
2.51E-01	1.34344
2.52E-01	1.48805
2.53E-01	1.46961
2.54E-01	1.3175
2.55E-01	1.09484
2.56E-01	0.872969
2.57E-01	0.749453
2.58E-01	0.760234
2.59E-01	0.887031
2.60E-01	1.10797
2.61E-01	1.33352
2.62E-01	1.45594
2.63E-01	1.44414
2.64E-01	1.3018
2.65E-01	1.08469
2.66E-01	0.865234
2.67E-01	0.748672
2.68E-01	0.760234
2.69E-01	0.892656
2.70E-01	1.12
2.71E-01	1.35203
2.72E-01	1.48406
2.73E-01	1.46305
2.74E-01	1.31422
2.75E-01	1.08969
2.76E-01	0.867266
2.77E-01	0.749453
2.78E-01	0.758281
2.79E-01	0.891953
2.81E-01	1.11836
2.82E-01	1.35344
2.82E-01	1.48336
2.83E-01	1.45211
2.84E-01	1.30195
2.85E-01	1.08328
2.86E-01	0.866094
2.87E-01	0.749063
2.88E-01	0.760234
2.90E-01	0.887031
2.91E-01	1.11555
2.92E-01	1.34531
2.92E-01	1.47242
2.93E-01	1.45109
2.94E-01	1.30688
2.95E-01	1.0857
2.96E-01	0.864922
2.97E-01	0.751797
2.98E-01	0.757891
3.00E-01	0.87875
3.01E-01	1.0993
3.02E-01	1.32883
3.03E-01	1.45602
3.03E-01	1.43977
3.04E-01	1.30063
3.05E-01	1.08266
3.06E-01	0.865234
3.07E-01	0.749531
3.08E-01	0.756563
3.10E-01	0.879063
3.11E-01	1.105
3.12E-01	1.3418
3.13E-01	1.46492
3.13E-01	1.43586
3.14E-01	1.28797
3.15E-01	1.06859
3.16E-01	0.856563
3.17E-01	0.745
3.19E-01	0.761953
3.20E-01	0.902266
3.21E-01	1.12875
3.22E-01	1.36289
3.23E-01	1.48117
3.23E-01	1.44195
3.24E-01	1.28414
3.25E-01	1.06352
3.26E-01	0.852266
3.28E-01	0.745469
3.29E-01	0.765938
3.30E-01	0.895391
3.31E-01	1.11609
3.32E-01	1.34813
3.33E-01	1.46578
3.34E-01	1.43836
3.35E-01	1.28492
3.36E-01	1.0625
3.37E-01	0.851094
3.38E-01	0.749766
3.39E-01	0.770625
3.40E-01	0.915
3.41E-01	1.14219
3.42E-01	1.36883
3.43E-01	1.48133
3.44E-01	1.43875
3.45E-01	1.2857
3.46E-01	1.06109
3.47E-01	0.849063
3.48E-01	0.747266
3.49E-01	0.766797
3.50E-01	0.898047
3.51E-01	1.11711
3.52E-01	1.34484
3.53E-01	1.4582
3.54E-01	1.4282
3.55E-01	1.27414
3.56E-01	1.05578
3.57E-01	0.848672
3.58E-01	0.747422
3.59E-01	0.770078
3.60E-01	0.904141
3.61E-01	1.12555
3.62E-01	1.35586
3.63E-01	1.47242
3.64E-01	1.43094
3.65E-01	1.26953
3.66E-01	1.05156
3.67E-01	0.845391
3.68E-01	0.746875
3.69E-01	0.771016
3.70E-01	0.913594
3.71E-01	1.14703
3.72E-01	1.37109
3.73E-01	1.47055
3.74E-01	1.41734
3.75E-01	1.25773
3.76E-01	1.04102
3.77E-01	0.837813
3.78E-01	0.742656
3.79E-01	0.773672
3.80E-01	0.925
3.81E-01	1.16516
3.82E-01	1.38016
3.83E-01	1.48219
3.84E-01	1.42734
3.85E-01	1.26602
3.86E-01	1.04219
3.87E-01	0.838516
3.88E-01	0.744609
3.89E-01	0.775547
3.90E-01	0.926484
3.91E-01	1.14688
3.92E-01	1.37188
3.93E-01	1.47836
3.94E-01	1.42773
3.95E-01	1.26297
3.96E-01	1.03961
3.97E-01	0.839297
3.98E-01	0.747266
3.99E-01	0.776719
4.00E-01	0.915078
4.01E-01	1.13688
4.02E-01	1.36289
4.03E-01	1.48156
4.04E-01	1.435
4.05E-01	1.26867
4.06E-01	1.04063
4.07E-01	0.837891
4.08E-01	0.747109
4.09E-01	0.774844
4.10E-01	0.92625
4.11E-01	1.15656
4.12E-01	1.38289
4.13E-01	1.48883
4.14E-01	1.43523
4.15E-01	1.27078
4.16E-01	1.04242
4.17E-01	0.840078
4.18E-01	0.747891
4.19E-01	0.770469
4.20E-01	0.918281
4.21E-01	1.1418
4.22E-01	1.36625
4.23E-01	1.47484
4.24E-01	1.41758
4.25E-01	1.25148
4.26E-01	1.03047
4.27E-01	0.83
4.28E-01	0.744688
4.29E-01	0.780625
4.30E-01	0.931719
4.31E-01	1.16125
4.32E-01	1.38016
4.33E-01	1.47508
4.34E-01	1.41555
4.35E-01	1.24875
4.36E-01	1.02391
4.37E-01	0.824453
4.38E-01	0.744453
4.39E-01	0.787031
4.40E-01	0.952578
4.41E-01	1.18844
4.42E-01	1.38953
4.43E-01	1.46852
4.44E-01	1.41023
4.45E-01	1.24211
4.46E-01	1.01641
4.47E-01	0.824844
4.48E-01	0.743359
4.49E-01	0.784609
4.50E-01	0.941719
4.51E-01	1.17734
4.52E-01	1.38492
4.53E-01	1.47852
4.54E-01	1.42711
4.55E-01	1.25102
4.56E-01	1.02266
4.57E-01	0.826953
4.58E-01	0.749141
4.59E-01	0.786641
4.60E-01	0.944063
4.61E-01	1.17344
4.62E-01	1.38531
4.63E-01	1.48664
4.64E-01	1.43117
4.65E-01	1.26398
4.66E-01	1.03008
4.67E-01	0.830391
4.68E-01	0.748125
4.69E-01	0.782266
4.70E-01	0.936797
4.71E-01	1.18195
4.72E-01	1.39422
4.73E-01	1.48234
4.74E-01	1.41695
4.75E-01	1.24508
4.76E-01	1.01586
4.77E-01	0.824297
4.78E-01	0.744063
4.79E-01	0.779219
4.80E-01	0.944063
4.81E-01	1.18141
4.82E-01	1.39164
4.83E-01	1.46734
4.84E-01	1.39336
4.85E-01	1.22578
4.86E-01	1.00305
4.87E-01	0.812266
4.88E-01	0.741563
4.89E-01	0.797031
4.90E-01	0.967031
4.91E-01	1.20953
4.92E-01	1.4168
4.93E-01	1.49047
4.94E-01	1.41148
4.95E-01	1.23086
4.96E-01	1.00625
4.97E-01	0.815703
4.98E-01	0.740781
4.99E-01	0.789531
5.00E-01	0.953672
5.01E-01	1.18133
5.02E-01	1.37781
5.03E-01	1.45734
5.04E-01	1.3975
5.05E-01	1.22891
5.06E-01	1.00359
5.07E-01	0.813281
5.08E-01	0.744844
5.09E-01	0.801484
5.10E-01	0.969531
5.11E-01	1.20961
5.12E-01	1.41109
5.13E-01	1.48539
5.14E-01	1.41266
5.15E-01	1.22992
5.16E-01	1.0018
5.17E-01	0.810859
5.18E-01	0.743359
5.19E-01	0.792813
5.20E-01	0.951172
5.21E-01	1.18141
5.22E-01	1.39438
5.23E-01	1.48867
5.24E-01	1.42391
5.25E-01	1.24711
5.26E-01	1.00992
5.27E-01	0.818516
5.28E-01	0.749063
5.29E-01	0.796016
5.30E-01	0.96
5.31E-01	1.19359
5.32E-01	1.40133
5.33E-01	1.48383
5.34E-01	1.4032
5.35E-01	1.21914
5.36E-01	0.995469
5.37E-01	0.807422
5.38E-01	0.740625
5.39E-01	0.787734
5.40E-01	0.954063
5.41E-01	1.18719
5.42E-01	1.38352
5.43E-01	1.4482
5.44E-01	1.37672
5.45E-01	1.19969
5.46E-01	0.981719
5.47E-01	0.800547
5.48E-01	0.74
5.49E-01	0.792578
5.50E-01	0.970547
5.51E-01	1.21383
5.52E-01	1.41594
5.53E-01	1.48664
5.54E-01	1.40484
5.55E-01	1.2193
5.56E-01	0.985391
5.57E-01	0.8025
5.58E-01	0.742344
5.59E-01	0.798906
5.60E-01	0.973594
5.61E-01	1.21125
5.62E-01	1.40891
5.63E-01	1.48133
5.64E-01	1.39867
5.65E-01	1.2082
5.66E-01	0.984375
5.67E-01	0.801563
5.68E-01	0.742031
5.69E-01	0.795625
5.70E-01	0.973906
5.71E-01	1.21688
5.72E-01	1.42734
5.73E-01	1.50734
5.74E-01	1.4257
5.75E-01	1.23016
5.76E-01	0.992266
5.77E-01	0.806406
5.78E-01	0.746719
5.79E-01	0.800234
5.80E-01	0.971172
5.81E-01	1.20938
5.82E-01	1.41617
5.83E-01	1.50102
5.84E-01	1.42242
5.85E-01	1.2307
5.86E-01	0.990625
5.87E-01	0.807656
5.88E-01	0.742188
5.89E-01	0.794375
5.90E-01	0.964063
5.91E-01	1.1968
5.92E-01	1.40148
5.93E-01	1.47188
5.94E-01	1.38836
5.95E-01	1.19563
5.96E-01	0.974766
5.97E-01	0.795625
5.98E-01	0.740391
5.99E-01	0.803281
6.00E-01	0.986094
6.01E-01	1.22484
6.02E-01	1.42008
6.03E-01	1.48484
6.04E-01	1.39609
6.05E-01	1.20516
6.06E-01	0.97375
6.07E-01	0.795234
6.08E-01	0.743672
6.09E-01	0.809063
6.10E-01	0.985703
6.11E-01	1.21938
6.12E-01	1.40992
6.13E-01	1.48258
6.14E-01	1.40031
6.15E-01	1.20797
6.16E-01	0.971563
6.17E-01	0.795391
6.18E-01	0.741172
6.19E-01	0.804922
6.20E-01	0.981875
6.21E-01	1.22406
6.22E-01	1.41617
6.23E-01	1.47594
6.24E-01	1.39336
6.25E-01	1.19797
6.26E-01	0.967266
6.27E-01	0.791797
6.28E-01	0.745859
6.29E-01	0.8125
6.30E-01	1.00141
6.31E-01	1.23563
6.32E-01	1.42734
6.33E-01	1.48813
6.34E-01	1.4007
6.35E-01	1.20273
6.36E-01	0.970703
6.37E-01	0.791094
6.38E-01	0.742031
6.39E-01	0.804375
6.40E-01	0.983125
6.41E-01	1.21977
6.42E-01	1.41109
6.43E-01	1.47305
6.44E-01	1.38758
6.45E-01	1.19531
6.46E-01	0.960391
6.47E-01	0.788906
6.48E-01	0.739141
6.49E-01	0.802969
6.50E-01	0.991484
6.51E-01	1.24211
6.52E-01	1.43547
6.53E-01	1.4875
6.54E-01	1.38688
6.55E-01	1.18375
6.56E-01	0.952578
6.57E-01	0.782656
6.58E-01	0.742344
6.59E-01	0.815156
6.60E-01	1.01484
6.61E-01	1.26
6.62E-01	1.43508
6.63E-01	1.47484
6.64E-01	1.37531
6.65E-01	1.17664
6.66E-01	0.945547
6.67E-01	0.777891
6.68E-01	0.738906
6.69E-01	0.817188
6.70E-01	1.00727
6.71E-01	1.24164
6.72E-01	1.42047
6.73E-01	1.45844
6.74E-01	1.36352
6.75E-01	1.16953
6.76E-01	0.937344
6.77E-01	0.775547
6.78E-01	0.738906
6.79E-01	0.823438
6.80E-01	1.02164
6.81E-01	1.26461
6.82E-01	1.4393
6.83E-01	1.47242
6.84E-01	1.36461
6.85E-01	1.1682
6.86E-01	0.936563
6.87E-01	0.773438
6.88E-01	0.740547
6.89E-01	0.822188
6.90E-01	1.01844
6.91E-01	1.26398
6.92E-01	1.44477
6.93E-01	1.48945
6.94E-01	1.38164
6.95E-01	1.17711
6.96E-01	0.938359
6.97E-01	0.776094
6.98E-01	0.740391
6.99E-01	0.813906
7.00E-01	1.00398
7.01E-01	1.24555
7.02E-01	1.43258
7.03E-01	1.47977
7.04E-01	1.37813
7.05E-01	1.17734
7.06E-01	0.939375
7.07E-01	0.777344
7.08E-01	0.742813
7.09E-01	0.82875
7.10E-01	1.02742
7.11E-01	1.2732
7.12E-01	1.44586
7.13E-01	1.47711
7.14E-01	1.36664
7.15E-01	1.16227
7.16E-01	0.928828
7.17E-01	0.768828
7.18E-01	0.740547
7.19E-01	0.830938
7.20E-01	1.03555
7.21E-01	1.27727
7.22E-01	1.44766
7.23E-01	1.46859
7.24E-01	1.35422
7.25E-01	1.15328
7.26E-01	0.91625
7.27E-01	0.763359
7.28E-01	0.740625
7.29E-01	0.836406
7.30E-01	1.04117
7.31E-01	1.28875
7.32E-01	1.45805
7.33E-01	1.49398
7.34E-01	1.38102
7.35E-01	1.17078
7.36E-01	0.927422
7.37E-01	0.770078
7.38E-01	0.744609
7.39E-01	0.833594
7.40E-01	1.03102
7.41E-01	1.26508
7.42E-01	1.43805
7.43E-01	1.47328
7.44E-01	1.36516
7.45E-01	1.16078
7.46E-01	0.918906
7.47E-01	0.766953
7.48E-01	0.739766
7.49E-01	0.824844
7.50E-01	1.02617
7.51E-01	1.27258
7.52E-01	1.45578
7.53E-01	1.50305
7.54E-01	1.38773
7.55E-01	1.17383
7.56E-01	0.927891
7.57E-01	0.770859
7.58E-01	0.744063
7.59E-01	0.832969
7.60E-01	1.03242
7.61E-01	1.27992
7.62E-01	1.45742
7.63E-01	1.48445
7.64E-01	1.36258
7.65E-01	1.14891
7.66E-01	0.911406
7.67E-01	0.759063
7.68E-01	0.738359
7.69E-01	0.834063
7.70E-01	1.04586
7.71E-01	1.29242
7.72E-01	1.44563
7.73E-01	1.46148
7.74E-01	1.34039
7.75E-01	1.13234
7.76E-01	0.902031
7.77E-01	0.755781
7.78E-01	0.740156
7.79E-01	0.842344
7.80E-01	1.05234
7.81E-01	1.29289
7.82E-01	1.45633
7.83E-01	1.47648
7.84E-01	1.35648
7.85E-01	1.14516
7.86E-01	0.905313
7.87E-01	0.758047
7.88E-01	0.740625
7.89E-01	0.837422
7.90E-01	1.0475
7.91E-01	1.29102
7.92E-01	1.45336
7.93E-01	1.47664
7.94E-01	1.35867
7.95E-01	1.14516
7.96E-01	0.906719
7.97E-01	0.758281
7.98E-01	0.744688
7.99E-01	0.846016
8.00E-01	1.05195
8.01E-01	1.28906
8.02E-01	1.44484
8.03E-01	1.46227
8.04E-01	1.34484
8.05E-01	1.13133
8.06E-01	0.893984
8.07E-01	0.755156
8.08E-01	0.744219
8.09E-01	0.855313
8.10E-01	1.06883
8.11E-01	1.30734
8.12E-01	1.46164
8.13E-01	1.46914
8.14E-01	1.34586
8.15E-01	1.13367
8.16E-01	0.897344
8.17E-01	0.754609
8.18E-01	0.741406
8.19E-01	0.845234
8.20E-01	1.05516
8.21E-01	1.30102
8.22E-01	1.45906
8.23E-01	1.46367
8.24E-01	1.33063
8.25E-01	1.11617
8.26E-01	0.887031
8.27E-01	0.747891
8.28E-01	0.743594
8.29E-01	0.856953
8.30E-01	1.07109
8.31E-01	1.31617
8.32E-01	1.4568
8.33E-01	1.4475
8.34E-01	1.31648
8.35E-01	1.1093
8.36E-01	0.880313
8.37E-01	0.747891
8.38E-01	0.751328
8.39E-01	0.868281
8.40E-01	1.08445
8.41E-01	1.31703
8.42E-01	1.46531
8.43E-01	1.47063
8.44E-01	1.34055
8.45E-01	1.12141
8.46E-01	0.887656
8.47E-01	0.752109
8.48E-01	0.749766
8.49E-01	0.855156
8.50E-01	1.06633
8.51E-01	1.30727
8.52E-01	1.45805
8.53E-01	1.45836
8.54E-01	1.32656
8.55E-01	1.11203
8.56E-01	0.881172
8.57E-01	0.751328
8.58E-01	0.754141
8.59E-01	0.871953
8.60E-01	1.0875
8.61E-01	1.33102
8.62E-01	1.47586
8.63E-01	1.47797
8.64E-01	1.34383
8.65E-01	1.12344
8.66E-01	0.887891
8.67E-01	0.756641
8.68E-01	0.751953
8.69E-01	0.866875
8.70E-01	1.08688
8.71E-01	1.33086
8.72E-01	1.48703
8.73E-01	1.47484
8.74E-01	1.32922
8.75E-01	1.10922
8.76E-01	0.880469
8.77E-01	0.750313
8.78E-01	0.755156
8.79E-01	0.8775
8.80E-01	1.10195
8.81E-01	1.34898
8.82E-01	1.48602
8.83E-01	1.46453
8.84E-01	1.31742
8.85E-01	1.10195
8.86E-01	0.870938
8.87E-01	0.7475
8.88E-01	0.754766
8.89E-01	0.878281
8.90E-01	1.10148
8.91E-01	1.34023
8.92E-01	1.47813
8.93E-01	1.46289
8.94E-01	1.31969
8.95E-01	1.09906
8.96E-01	0.873438
8.97E-01	0.749688
8.98E-01	0.758203
8.99E-01	0.8825
9.00E-01	1.10086
9.01E-01	1.33344
9.02E-01	1.47227
9.03E-01	1.46039
9.04E-01	1.31828
9.05E-01	1.09461
9.06E-01	0.870391
9.07E-01	0.749297
9.08E-01	0.762891
9.09E-01	0.889844
9.10E-01	1.10422
9.11E-01	1.33633
9.12E-01	1.47055
9.13E-01	1.45844
9.14E-01	1.3193
9.15E-01	1.09727
9.16E-01	0.871641
9.17E-01	0.751484
9.18E-01	0.760313
9.19E-01	0.883125
9.20E-01	1.09766
9.21E-01	1.3307
9.22E-01	1.46609
9.23E-01	1.46188
9.24E-01	1.32539
9.25E-01	1.09883
9.26E-01	0.871563
9.27E-01	0.753125
9.28E-01	0.758281
9.29E-01	0.879453
9.30E-01	1.09688
9.31E-01	1.33344
9.32E-01	1.46344
9.33E-01	1.44016
9.34E-01	1.29289
9.35E-01	1.07977
9.36E-01	0.862422
9.37E-01	0.746641
9.38E-01	0.762109
9.39E-01	0.889219
9.40E-01	1.10969
9.42E-01	1.34422
9.42E-01	1.47023
9.43E-01	1.44516
9.44E-01	1.29609
9.45E-01	1.07414
9.46E-01	0.859219
9.47E-01	0.746406
9.48E-01	0.760859
9.50E-01	0.892656
9.51E-01	1.11453
9.52E-01	1.33953
9.52E-01	1.47023
9.53E-01	1.44891
9.54E-01	1.30227
9.55E-01	1.08086
9.56E-01	0.862656
9.57E-01	0.747266
9.59E-01	0.762656
9.60E-01	0.895703
9.61E-01	1.11555
9.62E-01	1.35297
9.63E-01	1.48727
9.63E-01	1.45797
9.64E-01	1.30281
9.65E-01	1.0775
9.66E-01	0.860234
9.67E-01	0.748516
9.69E-01	0.761094
9.70E-01	0.893906
9.71E-01	1.12219
9.72E-01	1.35602
9.73E-01	1.49195
9.73E-01	1.46617
9.74E-01	1.30852
9.75E-01	1.08055
9.76E-01	0.86125
9.77E-01	0.749688
9.79E-01	0.760625
9.80E-01	0.89375
9.81E-01	1.11578
9.82E-01	1.34727
9.83E-01	1.46656
9.84E-01	1.43992
9.84E-01	1.28906
9.85E-01	1.06938
9.86E-01	0.855391
9.87E-01	0.746719
9.89E-01	0.759063
9.90E-01	0.887891
9.91E-01	1.11063
9.92E-01	1.34383
9.93E-01	1.4743
9.94E-01	1.44172
9.95E-01	1.2843
9.95E-01	1.06766
9.96E-01	0.853047
9.98E-01	0.745
9.99E-01	0.760625
